<?xml version="1.0"?>
<opencv_storage>
<calibration_Time>"03/02/17 10:02:57"</calibration_Time>
<nrOfFrames>25</nrOfFrames>
<image_Width>640</image_Width>
<image_Height>480</image_Height>
<board_Width>7</board_Width>
<board_Height>7</board_Height>
<square_Size>23.</square_Size>
<FixAspectRatio>1.</FixAspectRatio>
<!-- flags:  +fix_aspectRatio +fix_principal_point +zero_tangent_dist -->
<flagValue>14</flagValue>
<Camera_Matrix type_id="opencv-matrix">
  <rows>3</rows>
  <cols>3</cols>
  <dt>d</dt>
  <data>
    8.5266883875027509e+002 0. 3.1950000000000000e+002 0.
    8.5266883875027509e+002 2.3950000000000000e+002 0. 0. 1.</data></Camera_Matrix>
<Distortion_Coefficients type_id="opencv-matrix">
  <rows>5</rows>
  <cols>1</cols>
  <dt>d</dt>
  <data>
    -5.3942908184067506e-001 1.3020136879700825e+000 0. 0.
    -2.6767251422463905e+000</data></Distortion_Coefficients>
<Avg_Reprojection_Error>1.0260596896695249e+000</Avg_Reprojection_Error>
<Per_View_Reprojection_Errors type_id="opencv-matrix">
  <rows>25</rows>
  <cols>1</cols>
  <dt>f</dt>
  <data>
    3.26232612e-001 1.58193529e-001 1.88621774e-001 2.38060638e-001
    4.43452477e-001 2.89037645e-001 5.32389641e-001 3.93717706e-001
    5.35295606e-001 2.57879019e+000 2.34861588e+000 5.27381837e-001
    5.91792703e-001 3.01376700e+000 1.23611224e+000 7.75777280e-001
    5.68564057e-001 3.73613536e-001 4.25593734e-001 1.84135765e-001
    2.11624160e-001 2.35943228e-001 1.93465501e-001 1.86770752e-001
    4.83028919e-001</data></Per_View_Reprojection_Errors>
<!-- a set of 6-tuples (rotation vector + translation vector) for each view -->
<Extrinsic_Parameters type_id="opencv-matrix">
  <rows>25</rows>
  <cols>6</cols>
  <dt>d</dt>
  <data>
    4.5933874619239409e-002 -6.3153325607153565e-001
    -2.2856005726683882e-002 -9.8479444712214004e+001
    -5.7380806776404867e+001 5.1988707691559091e+002
    -6.7676429332276222e-001 -2.3570252792042057e-002
    2.9946751020995168e+000 -3.2096066806606522e+001
    5.5257349403187867e+001 7.3836857910231811e+002
    -4.6536827280523024e-001 8.4756613343989345e-003
    3.0276919971352965e+000 -3.0361000476214599e+001
    5.0602430556506434e+001 7.4462035628577246e+002
    -2.2138754827242960e-001 -1.7812170772617136e-001
    1.4690416811248195e+000 -3.9545553341825865e+001
    -8.9534409703225265e+001 7.6181092411553516e+002
    -1.5323350380471087e-001 -1.4880526789774667e-001
    1.4701502438462297e+000 -3.1750561229610593e+001
    -8.7630939590268255e+001 7.8034715548159170e+002
    1.5863667364646472e-001 4.7088709274712003e-002
    1.4808657428543914e+000 -1.7184645905596291e+001
    -7.9772390975033119e+001 7.7232514598399951e+002
    4.7106447875042723e-001 4.3142999841711727e-001
    1.4190241761353382e+000 -7.4756458132870094e+000
    -7.2128058252687083e+001 7.4922760294670195e+002
    3.8939412471332518e-001 3.4939164791732230e-001
    1.4195772562341074e+000 3.2672612032327777e+001
    -7.5089867529898257e+001 7.5723787437553835e+002
    6.7637699164047649e-001 4.8573064670767968e-001
    1.3191988013596829e+000 6.1189835673599305e+001
    -7.7127858882140686e+001 7.1955032036035391e+002
    9.4896358268265613e-001 5.9622917018074140e-001
    1.2032989118049187e+000 7.4522115280248244e+001
    -8.0668465047325029e+001 6.7151784648113016e+002
    9.7595724370002945e-001 6.7419952292961050e-001
    1.1375105203542153e+000 7.7736873071496348e+001
    -9.0794465092279140e+001 6.0445078326239445e+002
    9.1098009550730130e-001 7.4884973022902501e-001
    1.1514960894050588e+000 7.2364340641927754e+001
    -9.4345091966594566e+001 5.5384014131353888e+002
    9.1982951539993640e-001 8.0810765880243840e-001
    1.1929108639418282e+000 5.8588096782628327e+001
    -9.1835023924296038e+001 4.9812216301728319e+002
    1.0057691818753272e+000 8.4453784505550433e-001
    1.1431408282753952e+000 4.5147617528539314e+001
    -8.7503036446288448e+001 4.4597053053609773e+002
    8.1249037565719251e-001 8.7293274448833735e-001
    1.1532441748953994e+000 1.5343291943853650e+001
    -8.8759486105783395e+001 3.4345092899588366e+002
    6.6762141235252015e-001 8.2269726554517442e-001
    1.2420913293426306e+000 1.3011744854973731e+001
    -8.5675970195848407e+001 3.4442719217215790e+002
    2.3482865663328661e-001 3.8331853084765405e-001
    1.5584802847876376e+000 8.0704580982506045e+000
    -8.3710559162248103e+001 4.3400071830023688e+002
    6.2715217055141881e-002 2.4000491345493313e-001
    1.5423369352366343e+000 1.2310689066807823e+001
    -1.0259107026512146e+002 5.0170963862336646e+002
    -1.0101778264710085e-001 -3.4837666583172161e-001
    7.6610442608782525e-002 -1.1911720106561630e+002
    -1.1503753001621652e+002 5.6361586971028009e+002
    9.5613178512032493e-002 -6.2783147718262966e-001
    -2.9150579599380996e-002 -2.0045213985362355e+002
    -1.7108744783942487e+002 7.1021900561141831e+002
    8.3828629163376384e-002 -6.3012648411041261e-001
    -3.5611114645096635e-002 -1.9632284329785338e+002
    -1.7363845749715003e+002 7.1704664202547838e+002
    8.5280105182455740e-002 -6.4481652842754233e-001
    -5.1976824872872779e-002 -1.9171505282283505e+002
    -1.7998612394284814e+002 7.1771299529750786e+002
    9.6186227993765833e-002 -6.2278308553468098e-001
    -5.4563302367203838e-002 -1.9486764070649971e+002
    -1.7869783038291808e+002 7.2188387651571588e+002
    1.0015626228812280e-001 -6.3394754251613816e-001
    -5.8241820733893591e-002 -1.9599597584752485e+002
    -1.7569554713386299e+002 7.1694472596911783e+002
    -3.5198646154803392e-001 -7.5362649581891683e-001
    1.3098186377500203e+000 -9.5810467491959770e+001
    -1.7611484838716146e+002 7.4144701670182951e+002</data></Extrinsic_Parameters>
