%YAML:1.0
---
CameraMatrix0: !!opencv-matrix
   rows: 3
   cols: 3
   dt: d
   data: [ 8.5186603727040892e+02, 0., 8.5262809121842633e+02, 0.,
       8.5186603727040892e+02, 3.5952073740561502e+02, 0., 0., 1. ]
DistortionCoefficients0: !!opencv-matrix
   rows: 1
   cols: 14
   dt: d
   data: [ -1.9586021612409024e-01, 1.1411230528933933e-02, 0., 0., 0.,
       0., 0., -3.8032628562135809e-02, 0., 0., 0., 0., 0., 0. ]
CameraMatrix1: !!opencv-matrix
   rows: 3
   cols: 3
   dt: d
   data: [ 8.5186603727040892e+02, 0., 8.3996236878733544e+02, 0.,
       8.5186603727040892e+02, 3.6722204556400783e+02, 0., 0., 1. ]
DistortionCoefficients1: !!opencv-matrix
   rows: 1
   cols: 14
   dt: d
   data: [ -1.8535146047167950e-01, 3.5366019328406016e-02, 0., 0., 0.,
       0., 0., 2.8276491362671584e-03, 0., 0., 0., 0., 0., 0. ]
