%YAML:1.0
---
R: !!opencv-matrix
   rows: 3
   cols: 3
   dt: d
   data: [ 9.9789643177409681e-01, -4.5627119699833468e-03,
       6.4667558420001006e-02, 3.8968504308123674e-03,
       9.9993812674124827e-01, 1.0419080857885255e-02,
       -6.4711096492372541e-02, -1.0145163807560928e-02,
       9.9785246887607215e-01 ]
T: !!opencv-matrix
   rows: 3
   cols: 1
   dt: d
   data: [ -1.3680651819727885e+02, -1.9774754599739150e-01,
       -1.6388248622381585e+01 ]
R1: !!opencv-matrix
   rows: 3
   cols: 3
   dt: d
   data: [ 9.8312045284359684e-01, -4.3018904197708483e-03,
       1.8290890885743466e-01, 3.3849695295273510e-03,
       9.9998009350206041e-01, 5.3249019610440160e-03,
       -1.8292817492634977e-01, -4.6158789441278431e-03,
       9.8311544412631824e-01 ]
R2: !!opencv-matrix
   rows: 3
   cols: 3
   dt: d
   data: [ 9.9290029273274771e-01, 1.4351918234251171e-03,
       1.1894094717822691e-01, -8.4042371854069458e-04,
       9.9998689277905051e-01, -5.0505403743761187e-03,
       -1.1894663668720143e-01, 4.9147222230623271e-03,
       9.9288848473847913e-01 ]
P1: !!opencv-matrix
   rows: 3
   cols: 4
   dt: d
   data: [ 6.6011277278569571e+02, 0., 6.9083603668212891e+02, 0., 0.,
       6.6011277278569571e+02, 3.6376332473754883e+02, 0., 0., 0., 1.,
       0. ]
P2: !!opencv-matrix
   rows: 3
   cols: 4
   dt: d
   data: [ 6.6011277278569571e+02, 0., 6.9083603668212891e+02,
       -9.0953473096286019e+04, 0., 6.6011277278569571e+02,
       3.6376332473754883e+02, 0., 0., 0., 1., 0. ]
Q: !!opencv-matrix
   rows: 4
   cols: 4
   dt: d
   data: [ 1., 0., 0., -6.9083603668212891e+02, 0., 1., 0.,
       -3.6376332473754883e+02, 0., 0., 0., 6.6011277278569571e+02, 0.,
       0., 7.2576972633786162e-03, 0. ]
